14
6
9
5
4
53
6
13
1
10
17
30
3
20
9
16
4
14
22
9
18
7
15
1
3
9
17
16
2
26
1
2
6
13
2
11
10
2
29
12
6
11
15
1
3
9
8
5
3
8
11
5
6
9
13
3
8
28
2
15
4
4
8
21
4
3
5
7
1
4
20
14
5
1
10
3
2
14
8
35
2
5
2
21
4
18
28
4
8
4
7
3
12
1
2
2
11
11
12
12
8
12
8
1
24
6
4
8
7
22
4
4
12
1
21
5
18
1
7
8
1
1
17
2
1
7
3
6
2
2
2
16
15
25
1
23
8
9
9
19
9
1
20
1
2
7
9
1
13
2
6
12
6
5
3
18
4
7
5
15
16
11
9
16
12
18
1
5
1
3
4
4
6
5
11
11
7
1
3
3
2
8
1
3
16
5
36
10
7
2
2
8
4
20
5
4
9
10
8
27
6
5
10
33
1
4
3
11
6
8
1
3
6
2
2
32
20
8
9
2
5
6
49
4
1
18
16
17
9
14
21
3
18
7
1
2
1
23
27
17
5
11
4
13
4
11
10
1
2
6
12
3
1
1
12
14
5
8
8
11
4
1
6
2
2
8
4
15
2
2
13
2
6
6
2
5
9
70
9
1
12
12
7
6
1
14
1
19
37
3
15
1
2
2
8
6
11
10
18
26
3
12
11
2
4
4
8
4
5
2
6
11
4
3
7
13
11
8
5
2
4
4
12
2
21
28
6
13
13
5
3
34
7
7
9
34
2
12
22
1
4
5
2
15
17
7
5
3
16
2
1
4
4
7
1
3
4
6
18
5
2
17
9
6
1
7
5
11
16
8
3
5
9
7
21
11
16
1
11
4
7
2
8
10
16
2
6
2
8
12
4
5
4
10
3
5
4
2
3
11
12
9
1
2
2
3
11
2
20
7
25
2
44
10
3
4
4
17
29
5
2
6
1
30
16
3
1
3
14
6
1
15
4
19
8
2
9
2
2
38
5
5
14
8
40
2
2
8
22
17
1
6
1
2
2
22
22
2
9
19
9
30
10
8
11
5
15
7
4
3
10
13
3
5
3
2
6
10
2
6
7
3
14
4
10
2
3
13
10
2
15
1
8
20
2
11
5
8
16
4
2
2
7
4
5
1
8
32
9
3
8
1
6
2
3
19
10
1
6
2
2
21
11
11
12
12
21
1
1
14
7
21
1
14
6
11
1
2
1
9
2
37
1
11
10
1
2
4
10
3
4
3
13
4
2
1
2
4
7
1
6
7
3
4
2
11
1
13
12
2
8
8
5
16
34
16
7
7
6
3
3
15
9
5
12
12
13
4
2
2
2
1
6
6
18
8
6
26
8
2
10
3
8
15
19
11
4
2
18
2
3
36
17
7
18
1
6
8
3
5
4
3
23
5
1
11
9
20
18
4
29
1
1
6
8
47
6
5
7
4
12
18
26
6
16
11
18
5
8
1
2
8
1
32
14
15
11
3
2
6
23
8
3
50
9
11
20
18
5
13
3
7
25
1
11
5
1
3
19
5
3
11
25
3
8
9
1
1
13
11
2
1
6
3
10
6
3
3
1
2
11
2
1
19
1
17
13
32
20
7
1
30
15
1
7
2
22
15
28
11
2
19
9
11
5
7
12
14
44
1
36
1
3
4
5
6
17
14
1
10
3
5
17
18
3
9
34
7
3
3
36
1
3
7
12
1
3
9
13
8
1
19
6
15
9
7
8
15
4
2
15
9
7
2
5
4
3
2
3
2
22
8
10
3
6
15
1
6
4
13
8
6
7
4
22
3
14
2
4
9
16
7
11
5
13
3
4
3
2
5
2
6
8
14
1
14
18
4
9
1
3
10
3
13
6
22
4
4
2
24
3
12
12
3
9
17
22
1
10
15
2
9
7
4
8
9
7
13
32
7
3
5
5
5
9
17
18
2
13
10
3
3
2
10
6
2
2
1
2
8
18
1
1
3
18
3
12
3
6
3
15
6
3
5
2
25
5
5
7
12
4
5
9
19
2
6
8
6
4
4
8
10
22
8
3
6
20
4
1
6
4
40
10
4
21
22
1
12
7
20
1
18
21
20
23
24
3
5
8
9
1
4
12
4
10
5
19
4
13
10
10
1
19
3
27
45
4
5
2
21
6
5
1
1
3
3
9
19
15
8
1
1
1
10
9
4
9
13
7
46
22
7
14
1
10
2
1
5
18
1
16
11
7
6
8
7
15
38
8
2
4
3
5
10
5
38
3
7
1
5
7
2
19
8
2
1
9
3
4
12
11
2
1
1
10
19
14
2
6
13
13
3
7
16
6
52
4
14
3
3
12
20
7
3
4
6
1
27
22
13
3
6
9
5
5
5
6
6
1
1
10
1
11
8
14
10
8
18
5
1
3
2
8
7
19
3
4
1
18
4
10
11
2
2
25
9
4
1
12
10
1
5
3
1
12
31
29
8
3
4
2
3
4
2
1
8
8
20
1
2
43
3
29
6
5
19
2
6
6
5
5
7
5
10
1
3
32
66
4
5
7
18
4
2
2
7
50
8
6
24
13
12
18
4
4
14
3
1
15
32
8
18
11
2
7
10
1
28
9
26
5
4
52
23
18
2
17
2
3
2
4
2
1
59
9
3
2
3
22
33
4
2
13
4
6
3
22
5
18
27
5
3
2
18
3
24
4
10
4
4
1
1
34
2
11
2
22
8
4
2
32
5
23
9
8
1
7
12
4
1
1
6
5
7
6
9
2
20
3
2
3
1
5
11
11
4
2
2
2
16
3
9
3
4
16
7
11
2
6
11
20
7
10
1
5
2
6
9
9
11
19
14
6
3
1
4
20
31
27
3
25
1
22
6
8
1
4
6
8
14
6
6
7
3
9
4
2
13
5
4
5
2
1
1
6
2
8
17
13
1
1
1
4
3
3
7
1
9
6
3
1
8
6
10
19
17
8
13
3
7
12
3
1
3
5
11
6
7
1
1
5
23
15
1
11
5
10
6
7
3
28
4
8
2
10
10
2
2
31
3
2
16
3
2
23
4
4
3
7
6
7
7
2
2
2
10
37
13
6
4
9
14
51
4
1
16
6
18
1
13
1
2
1
25
31
20
8
5
10
5
9
18
2
16
5
1
8
1
2
5
14
1
2
6
14
10
10
4
6
1
2
3
10
3
4
4
18
9
1
14
7
3
16
4
6
23
2
3
1
3
2
3
1
9
1
4
1
14
12
15
20
7
5
1
4
15
6
18
1
2
5
11
1
15
1
1
26
4
6
3
8
2
5
29
12
5
11
2
21
1
9
14
1
1
2
19
7
3
2
1
5
9
6
35
12
5
16
3
9
7
33
2
2
6
7
3
5
9
5
6
8
2
2
6
6
9
7
15
14
2
3
3
7
1
2
23
9
9
12
16
8
1
4
13
12
6
3
9
3
15
6
18
4
3
8
6
7
12
29
13
1
3
1
6
2
3
3
2
5
9
7
5
30
23
1
18
8
7
4
1
1
6
3
18
18
12
6
6
3
4
4
1
2
34
3
7
28
3
1
12
3
5
11
13
4
17
3
12
5
10
10
22
4
1
12
2
2
1
9
5
14
4
10
3
17
2
10
7
9
1
4
19
1
1
1
4
22
4
17
16
10
8
14
36
1
5
10
2
15
1
2
2
1
5
7
17
16
10
4
4
10
8
15
2
9
2
6
14
1
11
18
31
14
16
25
2
1
1
5
6
7
6
10
8
23
6
6
19
17
1
1
2
8
6
31
22
3
20
6
10
14
9
2
18
7
10
2
1
12
17
11
7
2
41
37
5
5
16
9
5
6
12
15
4
1
5
11
18
16
53
7
29
14
18
12
6
16
23
4
4
3
6
12
3
2
49
36
3
12
5
42
9
4
8
1
1
9
9
2
2
20
3
5
1
18
13
9
10
23
7
10
7
13
2
28
16
10
9
3
17
16
19
16
4
3
7
2
9
5
2
17
24
35
6
14
7
10
16
1
29
4
5
1
1
13
8
19
19
3
8
33
11
3
1
11
10
3
8
1
10
10
14
9
8
5
1
8
9
10
11
6
1
25
5
17
2
11
2
9
24
44
6
10
19
8
5
26
14
5
1
7
1
4
14
9
4
2
7
19
1
8
4
1
19
1
2
3
14
4
4
1
5
2
11
30
7
18
13
5
24
2
12
2
28
1
2
7
4
13
1
2
25
17
6
3
20
28
21
3
2
1
4
26
2
1
3
22
2
8
18
11
1
9
1
3
25
2
6
8
6
3
10
17
27
2
8
31
7
16
15
16
7
1
3
2
2
8
5
6
5
6
1
6
1
3
13
29
6
3
8
9
2
4
1
2
44
4
2
9
11
11
5
4
7
2
22
12
4
23
2
5
6
5
3
14
35
5
13
10
7
12
12
1
20
5
20
1
23
2
19
1
5
2
11
5
2
2
4
2
1
20
7
8
4
10
40
13
26
13
16
25
11
1
2
6
7
13
8
27
4
2
5
2
16
17
1
3
6
2
10
